2458657.5600060006 
2458660.0602560258 
2458661.3403840386 
2458662.3404840482 
2458664.2206720673 
2458665.5008000801 
2458666.8209320931 
2458669.3011801182 
2458670.3812881289 
2458673.0015501552 
2458674.1416641665 
2458675.7818281827 
2458677.1219621962 
2458678.4220922091 
2458680.2422742276 
2458683.2425742573 
2458684.4226922691 
2458686.6229122914 
2458690.1832683268 
2458693.2835783577 
2458694.6437143716 
2458697.1239623963 
2458698.6041104109 
2458700.6443144316 
2458702.6045104512 
2458704.7247224720 
2458706.1448644865 
2458707.4449944994 
2458708.4450945095 
2458710.3252825281 
2458713.1655665566 
2458714.2256725673 
2458715.7658265824 
2458717.5860086009 
2458719.8662366238 
2458721.3863886390 
2458722.7865286530 
2458725.5068006800 
2458726.8869386939 
2458728.5271027102 
2458731.1673667366 
2458733.3675867585 
2458735.2877787780 
2458736.7679267926 
2458738.8681368139 
2458741.3483848386 
2458743.2085708571 
2458744.3086808682 
2458745.7688268828 
2458746.8889388940 
2458748.2090709070 
2458749.5292029204 
2458750.9093409339 
2458752.1094609462 
2458753.9496449647 
2458755.2097709770 
2458756.6299129911 
2458758.9301430145 
2458760.2702770275 
2458761.5304030403 
2458762.7305230522 
2458764.3506850684 
2458765.6108110812 
2458768.0510551054 
2458770.5913091311 
2458771.8314331435 
2458773.0315531553 
2458774.4316931693 
2458775.7718271827 
2458777.2119711973 
2458778.2120712074 
2458779.2321732175 
2458781.5124012399 
2458783.4925992601 
2458785.4727972797 
2458787.5330033004 
2458788.8131313133 
2458790.2532753274 
2458791.9534453447 
2458793.0135513553 
2458794.1336633665 
2458795.4937993800 
2458796.5339033902 
2458798.0540554053 
2458799.5142014204 
2458800.8943394339 
2458802.6145114512 
2458804.0346534653 
2458806.4548954894 
2458807.4949995000 
2458808.9351435145 
2458810.3152815280 
2458811.8554355437 
2458813.1155615561 
2458814.2756775678 
2458815.5758075807 
2458816.8559355936 
2458818.6761176116 
2458820.7363236323 
2458821.7964296429 
2458823.4565956597 
2458825.8768376838 
2458827.3369836984 
2458828.7171217124 
2458830.0372537253 
2458832.1574657466 
2458833.6976197618 
2458834.6977197719 
2458836.2778777876 
2458838.5581058105 
2458840.2782778279 
2458841.9184418442 
2458843.3785878588 
2458844.4186918694 
2458846.0788578857 
2458847.3789878986 
2458849.8392339232 
2458851.7194219423 
2458853.4595959596 
2458856.1198619860 
2458857.1799679967 
